calf-20                                                                         
 ENERGY UNITS=kcal/mol 
         1  1.000000E-03        59
 -1.119524E+04  0.000000E+00 -1.119524E+04 -4.269206E+00 -1.119097E+04
  0.000000E+00  0.000000E+00  0.000000E+00  0.000000E+00 -1.124363E+04
  0.000000E+00  1.451639E+02  1.554599E+01  1.296180E+02  0.000000E+00
  0.000000E+00  0.000000E+00  0.000000E+00  2.653792E+04  0.000000E+00
  0.000000E+00  0.000000E+00  9.000000E+01  1.158949E+02  9.000000E+01
  0.000000E+00 -1.250245E-01  0.000000E+00  0.000000E+00  0.000000E+00
  0.000000E+00  0.000000E+00  0.000000E+00  0.000000E+00 -2.030611E-01
  7.260016E-04 -1.206464E-01  7.260016E-04 -5.102809E-02 -7.394827E-04
 -1.206464E-01 -7.394827E-04 -1.209843E-01  3.565520E+01  0.000000E+00
  0.000000E+00  0.000000E+00  2.908047E+01  0.000000E+00 -1.242511E+01
  0.000000E+00  2.559426E+01  0.000000E+00  0.000000E+00  0.000000E+00
  0.000000E+00  0.000000E+00  0.000000E+00  0.000000E+00
