calf-20                                                                         
 ENERGY UNITS=kcal/mol 
         1  1.000000E-03        59
 -1.275405E+04  0.000000E+00 -1.275405E+04 -3.306099E+00 -1.275075E+04
  0.000000E+00  0.000000E+00  0.000000E+00  0.000000E+00 -1.279041E+04
  0.000000E+00  1.090830E+02 -3.650298E+01  1.455860E+02  0.000000E+00
  0.000000E+00  0.000000E+00  0.000000E+00  2.653792E+04  0.000000E+00
  0.000000E+00  0.000000E+00  9.000000E+01  1.158949E+02  9.000000E+01
  0.000000E+00 -9.394930E-02  0.000000E+00  0.000000E+00  0.000000E+00
  0.000000E+00  0.000000E+00  0.000000E+00  0.000000E+00 -1.716916E-01
  1.203926E-02 -1.504289E-01  1.203926E-02 -8.594592E-02 -3.580654E-02
 -1.504289E-01 -3.580654E-02 -2.421035E-02  3.565520E+01  0.000000E+00
  0.000000E+00  0.000000E+00  2.908047E+01  0.000000E+00 -1.242511E+01
  0.000000E+00  2.559426E+01  0.000000E+00  0.000000E+00  0.000000E+00
  0.000000E+00  0.000000E+00  0.000000E+00  0.000000E+00
