calf-20                                                                         
 ENERGY UNITS=kcal/mol 
         1  1.000000E-03        59
 -1.276150E+04  0.000000E+00 -1.276150E+04 -7.124861E+00 -1.275437E+04
  0.000000E+00  0.000000E+00  0.000000E+00  0.000000E+00 -1.281839E+04
  0.000000E+00  1.706763E+02  2.146068E+01  1.492156E+02  0.000000E+00
  0.000000E+00  0.000000E+00  0.000000E+00  2.653792E+04  0.000000E+00
  0.000000E+00  0.000000E+00  9.000000E+01  1.158949E+02  9.000000E+01
  0.000000E+00 -1.469973E-01  0.000000E+00  0.000000E+00  0.000000E+00
  0.000000E+00  0.000000E+00  0.000000E+00  0.000000E+00 -1.882492E-01
 -4.605031E-03 -1.111514E-01 -4.605031E-03 -8.882286E-02 -1.396308E-03
 -1.111514E-01 -1.396308E-03 -1.639199E-01  3.565520E+01  0.000000E+00
  0.000000E+00  0.000000E+00  2.908047E+01  0.000000E+00 -1.242511E+01
  0.000000E+00  2.559426E+01  0.000000E+00  0.000000E+00  0.000000E+00
  0.000000E+00  0.000000E+00  0.000000E+00  0.000000E+00
