calf-20                                                                         
 ENERGY UNITS=kcal/mol 
         1  1.000000E-03        59
 -1.275877E+04  0.000000E+00 -1.275877E+04 -5.800537E+00 -1.275297E+04
  0.000000E+00  0.000000E+00  0.000000E+00  0.000000E+00 -1.281462E+04
  0.000000E+00  1.675699E+02  1.976245E+01  1.478074E+02  0.000000E+00
  0.000000E+00  0.000000E+00  0.000000E+00  2.653792E+04  0.000000E+00
  0.000000E+00  0.000000E+00  9.000000E+01  1.158949E+02  9.000000E+01
  0.000000E+00 -1.443219E-01  0.000000E+00  0.000000E+00  0.000000E+00
  0.000000E+00  0.000000E+00  0.000000E+00  0.000000E+00 -1.864849E-01
 -2.712635E-03 -1.124427E-01 -2.712635E-03 -8.654920E-02 -6.427040E-04
 -1.124427E-01 -6.427040E-04 -1.599317E-01  3.565520E+01  0.000000E+00
  0.000000E+00  0.000000E+00  2.908047E+01  0.000000E+00 -1.242511E+01
  0.000000E+00  2.559426E+01  0.000000E+00  0.000000E+00  0.000000E+00
  0.000000E+00  0.000000E+00  0.000000E+00  0.000000E+00
