calf-20                                                                         
 ENERGY UNITS=kcal/mol 
         1  1.000000E-03        59
 -1.119899E+04  0.000000E+00 -1.119899E+04 -7.001132E+00 -1.119198E+04
  0.000000E+00  0.000000E+00  0.000000E+00  0.000000E+00 -1.125306E+04
  0.000000E+00  1.622360E+02  3.160347E+01  1.306325E+02  0.000000E+00
  0.000000E+00  0.000000E+00  0.000000E+00  2.653792E+04  0.000000E+00
  0.000000E+00  0.000000E+00  9.000000E+01  1.158949E+02  9.000000E+01
  0.000000E+00 -1.397280E-01  0.000000E+00  0.000000E+00  0.000000E+00
  0.000000E+00  0.000000E+00  0.000000E+00  0.000000E+00 -2.103224E-01
 -1.257547E-04 -1.143178E-01 -1.257547E-04 -6.601399E-02 -5.351235E-04
 -1.143178E-01 -5.351235E-04 -1.428477E-01  3.565520E+01  0.000000E+00
  0.000000E+00  0.000000E+00  2.908047E+01  0.000000E+00 -1.242511E+01
  0.000000E+00  2.559426E+01  0.000000E+00  0.000000E+00  0.000000E+00
  0.000000E+00  0.000000E+00  0.000000E+00  0.000000E+00
