calf-20                                                                         
 ENERGY UNITS=kcal/mol 
         1  1.000000E-03        59
 -1.276373E+04  0.000000E+00 -1.276373E+04 -4.494286E+00 -1.275923E+04
  0.000000E+00  0.000000E+00  0.000000E+00  0.000000E+00 -1.280805E+04
  0.000000E+00  1.329612E+02 -2.110826E+01  1.540695E+02  0.000000E+00
  0.000000E+00  0.000000E+00  0.000000E+00  2.653792E+04  0.000000E+00
  0.000000E+00  0.000000E+00  9.000000E+01  1.158949E+02  9.000000E+01
  0.000000E+00 -1.145148E-01  0.000000E+00  0.000000E+00  0.000000E+00
  0.000000E+00  0.000000E+00  0.000000E+00  0.000000E+00 -1.766216E-01
  1.259924E-03 -1.388081E-01  1.259924E-03 -8.676112E-02 -1.459715E-02
 -1.388081E-01 -1.459715E-02 -8.016158E-02  3.565520E+01  0.000000E+00
  0.000000E+00  0.000000E+00  2.908047E+01  0.000000E+00 -1.242511E+01
  0.000000E+00  2.559426E+01  0.000000E+00  0.000000E+00  0.000000E+00
  0.000000E+00  0.000000E+00  0.000000E+00  0.000000E+00
