calf-20                                                                         
 ENERGY UNITS=kcal/mol 
         1  1.000000E-03        59
 -1.276375E+04  0.000000E+00 -1.276375E+04 -3.893466E+00 -1.275985E+04
  0.000000E+00  0.000000E+00  0.000000E+00  0.000000E+00 -1.280584E+04
  0.000000E+00  1.262983E+02 -2.839315E+01  1.546914E+02  0.000000E+00
  0.000000E+00  0.000000E+00  0.000000E+00  2.653792E+04  0.000000E+00
  0.000000E+00  0.000000E+00  9.000000E+01  1.158949E+02  9.000000E+01
  0.000000E+00 -1.087762E-01  0.000000E+00  0.000000E+00  0.000000E+00
  0.000000E+00  0.000000E+00  0.000000E+00  0.000000E+00 -1.778026E-01
  2.624448E-03 -1.393122E-01  2.624448E-03 -9.076379E-02  7.153474E-03
 -1.393122E-01  7.153474E-03 -5.776214E-02  3.565520E+01  0.000000E+00
  0.000000E+00  0.000000E+00  2.908047E+01  0.000000E+00 -1.242511E+01
  0.000000E+00  2.559426E+01  0.000000E+00  0.000000E+00  0.000000E+00
  0.000000E+00  0.000000E+00  0.000000E+00  0.000000E+00
