calf-20                                                                         
 ENERGY UNITS=kcal/mol 
         1  1.000000E-03        59
 -1.275618E+04  0.000000E+00 -1.275618E+04 -5.290241E+00 -1.275089E+04
  0.000000E+00  0.000000E+00  0.000000E+00  0.000000E+00 -1.280201E+04
  0.000000E+00  1.374778E+02 -8.251864E+00  1.457296E+02  0.000000E+00
  0.000000E+00  0.000000E+00  0.000000E+00  2.653792E+04  0.000000E+00
  0.000000E+00  0.000000E+00  9.000000E+01  1.158949E+02  9.000000E+01
  0.000000E+00 -1.184047E-01  0.000000E+00  0.000000E+00  0.000000E+00
  0.000000E+00  0.000000E+00  0.000000E+00  0.000000E+00 -1.810063E-01
 -1.148540E-02 -1.359645E-01 -1.148540E-02 -9.054177E-02  2.739741E-02
 -1.359645E-01  2.739741E-02 -8.366588E-02  3.565520E+01  0.000000E+00
  0.000000E+00  0.000000E+00  2.908047E+01  0.000000E+00 -1.242511E+01
  0.000000E+00  2.559426E+01  0.000000E+00  0.000000E+00  0.000000E+00
  0.000000E+00  0.000000E+00  0.000000E+00  0.000000E+00
