calf-20                                                                         
 ENERGY UNITS=kcal/mol 
         1  1.000000E-03        59
 -1.119518E+04  0.000000E+00 -1.119518E+04 -4.174533E+00 -1.119100E+04
  0.000000E+00  0.000000E+00  0.000000E+00  0.000000E+00 -1.124325E+04
  0.000000E+00  1.442337E+02  1.459158E+01  1.296421E+02  0.000000E+00
  0.000000E+00  0.000000E+00  0.000000E+00  2.653792E+04  0.000000E+00
  0.000000E+00  0.000000E+00  9.000000E+01  1.158949E+02  9.000000E+01
  0.000000E+00 -1.242233E-01  0.000000E+00  0.000000E+00  0.000000E+00
  0.000000E+00  0.000000E+00  0.000000E+00  0.000000E+00 -2.025860E-01
 -1.226171E-03 -1.214691E-01 -1.226171E-03 -5.161524E-02  8.383756E-04
 -1.214691E-01  8.383756E-04 -1.184687E-01  3.565520E+01  0.000000E+00
  0.000000E+00  0.000000E+00  2.908047E+01  0.000000E+00 -1.242511E+01
  0.000000E+00  2.559426E+01  0.000000E+00  0.000000E+00  0.000000E+00
  0.000000E+00  0.000000E+00  0.000000E+00  0.000000E+00
