calf-20                                                                         
 ENERGY UNITS=kcal/mol 
         1  1.000000E-03        59
 -1.119194E+04  0.000000E+00 -1.119194E+04 -1.330088E+00 -1.119061E+04
  0.000000E+00  0.000000E+00  0.000000E+00  0.000000E+00 -1.120025E+04
  0.000000E+00  2.492965E+01 -1.043211E+02  1.292507E+02  0.000000E+00
  0.000000E+00  0.000000E+00  0.000000E+00  2.653792E+04  0.000000E+00
  0.000000E+00  0.000000E+00  9.000000E+01  1.158949E+02  9.000000E+01
  0.000000E+00 -2.147101E-02  0.000000E+00  0.000000E+00  0.000000E+00
  0.000000E+00  0.000000E+00  0.000000E+00  0.000000E+00 -1.905284E-01
 -5.413207E-03 -1.169310E-01 -5.413207E-03  1.085893E-01  4.373388E-02
 -1.169310E-01  4.373388E-02  1.752603E-02  3.565520E+01  0.000000E+00
  0.000000E+00  0.000000E+00  2.908047E+01  0.000000E+00 -1.242511E+01
  0.000000E+00  2.559426E+01  0.000000E+00  0.000000E+00  0.000000E+00
  0.000000E+00  0.000000E+00  0.000000E+00  0.000000E+00
