calf-20                                                                         
 ENERGY UNITS=kcal/mol 
         1  1.000000E-03        59
 -1.276134E+04  0.000000E+00 -1.276134E+04 -6.885332E+00 -1.275446E+04
  0.000000E+00  0.000000E+00  0.000000E+00  0.000000E+00 -1.281916E+04
  0.000000E+00  1.734376E+02  2.413854E+01  1.492990E+02  0.000000E+00
  0.000000E+00  0.000000E+00  0.000000E+00  2.653792E+04  0.000000E+00
  0.000000E+00  0.000000E+00  9.000000E+01  1.158949E+02  9.000000E+01
  0.000000E+00 -1.493755E-01  0.000000E+00  0.000000E+00  0.000000E+00
  0.000000E+00  0.000000E+00  0.000000E+00  0.000000E+00 -1.948245E-01
 -5.460527E-03 -1.070026E-01 -5.460527E-03 -8.176872E-02  1.611960E-02
 -1.070026E-01  1.611960E-02 -1.715334E-01  3.565520E+01  0.000000E+00
  0.000000E+00  0.000000E+00  2.908047E+01  0.000000E+00 -1.242511E+01
  0.000000E+00  2.559426E+01  0.000000E+00  0.000000E+00  0.000000E+00
  0.000000E+00  0.000000E+00  0.000000E+00  0.000000E+00
