calf-20                                                                         
 ENERGY UNITS=kcal/mol 
         1  1.000000E-03        59
 -1.276384E+04  0.000000E+00 -1.276384E+04 -4.027555E+00 -1.275981E+04
  0.000000E+00  0.000000E+00  0.000000E+00  0.000000E+00 -1.280666E+04
  0.000000E+00  1.284609E+02 -2.619215E+01  1.546531E+02  0.000000E+00
  0.000000E+00  0.000000E+00  0.000000E+00  2.653792E+04  0.000000E+00
  0.000000E+00  0.000000E+00  9.000000E+01  1.158949E+02  9.000000E+01
  0.000000E+00 -1.106388E-01  0.000000E+00  0.000000E+00  0.000000E+00
  0.000000E+00  0.000000E+00  0.000000E+00  0.000000E+00 -1.797853E-01
 -2.547493E-04 -1.430692E-01 -2.547493E-04 -9.108338E-02 -6.421381E-03
 -1.430692E-01 -6.421381E-03 -6.104770E-02  3.565520E+01  0.000000E+00
  0.000000E+00  0.000000E+00  2.908047E+01  0.000000E+00 -1.242511E+01
  0.000000E+00  2.559426E+01  0.000000E+00  0.000000E+00  0.000000E+00
  0.000000E+00  0.000000E+00  0.000000E+00  0.000000E+00
