calf-20                                                                         
 ENERGY UNITS=kcal/mol 
         1  1.000000E-03        59
 -1.276148E+04  0.000000E+00 -1.276148E+04 -7.043942E+00 -1.275444E+04
  0.000000E+00  0.000000E+00  0.000000E+00  0.000000E+00 -1.282143E+04
  0.000000E+00  1.798505E+02  3.057045E+01  1.492801E+02  0.000000E+00
  0.000000E+00  0.000000E+00  0.000000E+00  2.653792E+04  0.000000E+00
  0.000000E+00  0.000000E+00  9.000000E+01  1.158949E+02  9.000000E+01
  0.000000E+00 -1.548988E-01  0.000000E+00  0.000000E+00  0.000000E+00
  0.000000E+00  0.000000E+00  0.000000E+00  0.000000E+00 -1.850040E-01
 -7.306638E-04 -1.023709E-01 -7.306638E-04 -9.940313E-02 -1.214519E-03
 -1.023709E-01 -1.214519E-03 -1.802893E-01  3.565520E+01  0.000000E+00
  0.000000E+00  0.000000E+00  2.908047E+01  0.000000E+00 -1.242511E+01
  0.000000E+00  2.559426E+01  0.000000E+00  0.000000E+00  0.000000E+00
  0.000000E+00  0.000000E+00  0.000000E+00  0.000000E+00
