calf-20                                                                         
 ENERGY UNITS=kcal/mol 
         1  1.000000E-03        59
 -1.275720E+04  0.000000E+00 -1.275720E+04 -4.100101E+00 -1.275310E+04
  0.000000E+00  0.000000E+00  0.000000E+00  0.000000E+00 -1.281319E+04
  0.000000E+00  1.679755E+02  2.003578E+01  1.479397E+02  0.000000E+00
  0.000000E+00  0.000000E+00  0.000000E+00  2.653792E+04  0.000000E+00
  0.000000E+00  0.000000E+00  9.000000E+01  1.158949E+02  9.000000E+01
  0.000000E+00 -1.446712E-01  0.000000E+00  0.000000E+00  0.000000E+00
  0.000000E+00  0.000000E+00  0.000000E+00  0.000000E+00 -1.832550E-01
 -2.364654E-03 -1.101211E-01 -2.364654E-03 -8.598652E-02 -2.358403E-03
 -1.101211E-01 -2.358403E-03 -1.647722E-01  3.565520E+01  0.000000E+00
  0.000000E+00  0.000000E+00  2.908047E+01  0.000000E+00 -1.242511E+01
  0.000000E+00  2.559426E+01  0.000000E+00  0.000000E+00  0.000000E+00
  0.000000E+00  0.000000E+00  0.000000E+00  0.000000E+00
