calf-20                                                                         
 ENERGY UNITS=kcal/mol 
         1  1.000000E-03        59
 -1.275581E+04  0.000000E+00 -1.275581E+04 -4.952075E+00 -1.275086E+04
  0.000000E+00  0.000000E+00  0.000000E+00  0.000000E+00 -1.279993E+04
  0.000000E+00  1.323751E+02 -1.332140E+01  1.456965E+02  0.000000E+00
  0.000000E+00  0.000000E+00  0.000000E+00  2.653792E+04  0.000000E+00
  0.000000E+00  0.000000E+00  9.000000E+01  1.158949E+02  9.000000E+01
  0.000000E+00 -1.140099E-01  0.000000E+00  0.000000E+00  0.000000E+00
  0.000000E+00  0.000000E+00  0.000000E+00  0.000000E+00 -1.784429E-01
  1.064536E-02 -1.367331E-01  1.064536E-02 -9.043924E-02 -2.869268E-02
 -1.367331E-01 -2.869268E-02 -7.314753E-02  3.565520E+01  0.000000E+00
  0.000000E+00  0.000000E+00  2.908047E+01  0.000000E+00 -1.242511E+01
  0.000000E+00  2.559426E+01  0.000000E+00  0.000000E+00  0.000000E+00
  0.000000E+00  0.000000E+00  0.000000E+00  0.000000E+00
