calf-20                                                                         
 ENERGY UNITS=kcal/mol 
         1  1.000000E-03        59
 -1.271405E+04  0.000000E+00 -1.271405E+04  3.891638E+01 -1.275297E+04
  0.000000E+00  0.000000E+00  0.000000E+00  0.000000E+00 -1.254417E+04
  0.000000E+00 -5.096371E+02 -6.574445E+02  1.478074E+02  0.000000E+00
  0.000000E+00  0.000000E+00  0.000000E+00  2.653792E+04  0.000000E+00
  0.000000E+00  0.000000E+00  9.000000E+01  1.158949E+02  9.000000E+01
  0.000000E+00  4.389321E-01  0.000000E+00  0.000000E+00  0.000000E+00
  0.000000E+00  0.000000E+00  0.000000E+00  0.000000E+00 -7.384064E-02
  1.343812E-01 -3.687017E-02  1.343812E-01  8.048179E-01  9.420499E-02
 -3.687017E-02  9.420499E-02  5.858192E-01  3.565520E+01  0.000000E+00
  0.000000E+00  0.000000E+00  2.908047E+01  0.000000E+00 -1.242511E+01
  0.000000E+00  2.559426E+01  0.000000E+00  0.000000E+00  0.000000E+00
  0.000000E+00  0.000000E+00  0.000000E+00  0.000000E+00
