calf-20                                                                         
 ENERGY UNITS=kcal/mol 
         1  1.000000E-03        59
 -1.275755E+04  0.000000E+00 -1.275755E+04 -4.228616E+00 -1.275332E+04
  0.000000E+00  0.000000E+00  0.000000E+00  0.000000E+00 -1.281180E+04
  0.000000E+00  1.627579E+02  1.459138E+01  1.481665E+02  0.000000E+00
  0.000000E+00  0.000000E+00  0.000000E+00  2.653792E+04  0.000000E+00
  0.000000E+00  0.000000E+00  9.000000E+01  1.158949E+02  9.000000E+01
  0.000000E+00 -1.401775E-01  0.000000E+00  0.000000E+00  0.000000E+00
  0.000000E+00  0.000000E+00  0.000000E+00  0.000000E+00 -1.785734E-01
 -2.797566E-04 -1.103413E-01 -2.797566E-04 -8.482898E-02  4.059403E-05
 -1.103413E-01  4.059403E-05 -1.571302E-01  3.565520E+01  0.000000E+00
  0.000000E+00  0.000000E+00  2.908047E+01  0.000000E+00 -1.242511E+01
  0.000000E+00  2.559426E+01  0.000000E+00  0.000000E+00  0.000000E+00
  0.000000E+00  0.000000E+00  0.000000E+00  0.000000E+00
