calf-20                                                                         
 ENERGY UNITS=kcal/mol 
         1  1.000000E-03        60
 -1.275830E+04  0.000000E+00 -1.275830E+04 -2.118826E+00 -1.275618E+04
  0.000000E+00  0.000000E+00  0.000000E+00  0.000000E+00 -1.280470E+04
  0.000000E+00  1.391940E+02 -1.182463E+01  1.510186E+02  0.000000E+00
  0.000000E+00  0.000000E+00  0.000000E+00  2.653792E+04  0.000000E+00
  0.000000E+00  0.000000E+00  9.000000E+01  1.158949E+02  9.000000E+01
  0.000000E+00 -1.198828E-01  0.000000E+00  0.000000E+00  0.000000E+00
  0.000000E+00  0.000000E+00  0.000000E+00  0.000000E+00  0.000000E+00
 -1.704764E-01  6.131840E-03 -1.058075E-01  6.131840E-03 -6.049667E-02
 -1.548898E-02 -1.058075E-01 -1.548898E-02 -1.286753E-01  3.565520E+01
  0.000000E+00  0.000000E+00  0.000000E+00  2.908047E+01  0.000000E+00
 -1.242511E+01  0.000000E+00  2.559426E+01  0.000000E+00  0.000000E+00
  0.000000E+00  0.000000E+00  0.000000E+00  0.000000E+00  0.000000E+00
