calf-20                                                                         
 ENERGY UNITS=kcal/mol 
         1  1.000000E-03        59
 -1.275451E+04  0.000000E+00 -1.275451E+04 -1.547190E+00 -1.275297E+04
  0.000000E+00  0.000000E+00  0.000000E+00  0.000000E+00 -1.280586E+04
  0.000000E+00  1.540390E+02  6.231513E+00  1.478074E+02  0.000000E+00
  0.000000E+00  0.000000E+00  0.000000E+00  2.653792E+04  0.000000E+00
  0.000000E+00  0.000000E+00  9.000000E+01  1.158949E+02  9.000000E+01
  0.000000E+00 -1.326682E-01  0.000000E+00  0.000000E+00  0.000000E+00
  0.000000E+00  0.000000E+00  0.000000E+00  0.000000E+00 -1.724361E-01
  6.064674E-04 -1.101325E-01  6.064674E-04 -7.427893E-02 -1.212486E-04
 -1.101325E-01 -1.212486E-04 -1.512897E-01  3.565520E+01  0.000000E+00
  0.000000E+00  0.000000E+00  2.908047E+01  0.000000E+00 -1.242511E+01
  0.000000E+00  2.559426E+01  0.000000E+00  0.000000E+00  0.000000E+00
  0.000000E+00  0.000000E+00  0.000000E+00  0.000000E+00
