calf-20                                                                         
 ENERGY UNITS=kcal/mol 
         1  1.000000E-03        59
 -1.275373E+04  0.000000E+00 -1.275373E+04 -3.140868E+00 -1.275059E+04
  0.000000E+00  0.000000E+00  0.000000E+00  0.000000E+00 -1.278910E+04
  0.000000E+00  1.061190E+02 -3.931084E+01  1.454299E+02  0.000000E+00
  0.000000E+00  0.000000E+00  0.000000E+00  2.653792E+04  0.000000E+00
  0.000000E+00  0.000000E+00  9.000000E+01  1.158949E+02  9.000000E+01
  0.000000E+00 -9.139653E-02  0.000000E+00  0.000000E+00  0.000000E+00
  0.000000E+00  0.000000E+00  0.000000E+00  0.000000E+00 -1.685730E-01
 -1.192724E-02 -1.517475E-01 -1.192724E-02 -8.378165E-02  3.932273E-02
 -1.517475E-01  3.932273E-02 -2.183497E-02  3.565520E+01  0.000000E+00
  0.000000E+00  0.000000E+00  2.908047E+01  0.000000E+00 -1.242511E+01
  0.000000E+00  2.559426E+01  0.000000E+00  0.000000E+00  0.000000E+00
  0.000000E+00  0.000000E+00  0.000000E+00  0.000000E+00
