calf-20                                                                         
 ENERGY UNITS=kcal/mol 
         1  1.000000E-03        60
 -1.276031E+04  0.000000E+00 -1.276031E+04 -2.028695E+00 -1.275828E+04
  0.000000E+00  0.000000E+00  0.000000E+00  0.000000E+00 -1.280724E+04
  0.000000E+00  1.407889E+02 -1.233127E+01  1.531202E+02  0.000000E+00
  0.000000E+00  0.000000E+00  0.000000E+00  2.653792E+04  0.000000E+00
  0.000000E+00  0.000000E+00  9.000000E+01  1.158949E+02  9.000000E+01
  0.000000E+00 -1.212565E-01  0.000000E+00  0.000000E+00  0.000000E+00
  0.000000E+00  0.000000E+00  0.000000E+00  0.000000E+00  0.000000E+00
 -1.782429E-01 -4.219989E-03 -1.082622E-01 -4.219989E-03 -6.023113E-02
  1.060522E-02 -1.082622E-01  1.060522E-02 -1.252954E-01  3.565520E+01
  0.000000E+00  0.000000E+00  0.000000E+00  2.908047E+01  0.000000E+00
 -1.242511E+01  0.000000E+00  2.559426E+01  0.000000E+00  0.000000E+00
  0.000000E+00  0.000000E+00  0.000000E+00  0.000000E+00  0.000000E+00
