calf-20                                                                         
 ENERGY UNITS=kcal/mol 
         1  1.000000E-03        59
 -1.276389E+04  0.000000E+00 -1.276389E+04 -4.065624E+00 -1.275982E+04
  0.000000E+00  0.000000E+00  0.000000E+00  0.000000E+00 -1.280688E+04
  0.000000E+00  1.289739E+02 -2.568683E+01  1.546607E+02  0.000000E+00
  0.000000E+00  0.000000E+00  0.000000E+00  2.653792E+04  0.000000E+00
  0.000000E+00  0.000000E+00  9.000000E+01  1.158949E+02  9.000000E+01
  0.000000E+00 -1.110806E-01  0.000000E+00  0.000000E+00  0.000000E+00
  0.000000E+00  0.000000E+00  0.000000E+00  0.000000E+00 -1.796088E-01
  5.430117E-06 -1.431408E-01  5.430117E-06 -9.080471E-02 -7.056404E-03
 -1.431408E-01 -7.056404E-03 -6.282822E-02  3.565520E+01  0.000000E+00
  0.000000E+00  0.000000E+00  2.908047E+01  0.000000E+00 -1.242511E+01
  0.000000E+00  2.559426E+01  0.000000E+00  0.000000E+00  0.000000E+00
  0.000000E+00  0.000000E+00  0.000000E+00  0.000000E+00
