calf-20                                                                         
 ENERGY UNITS=kcal/mol 
         1  1.000000E-03        59
 -1.119921E+04  0.000000E+00 -1.119921E+04 -7.043903E+00 -1.119216E+04
  0.000000E+00  0.000000E+00  0.000000E+00  0.000000E+00 -1.125321E+04
  0.000000E+00  1.619896E+02  3.117829E+01  1.308113E+02  0.000000E+00
  0.000000E+00  0.000000E+00  0.000000E+00  2.653792E+04  0.000000E+00
  0.000000E+00  0.000000E+00  9.000000E+01  1.158949E+02  9.000000E+01
  0.000000E+00 -1.395159E-01  0.000000E+00  0.000000E+00  0.000000E+00
  0.000000E+00  0.000000E+00  0.000000E+00  0.000000E+00 -2.091242E-01
  4.565048E-06 -1.131331E-01  4.565048E-06 -6.540729E-02 -9.996580E-04
 -1.131331E-01 -9.996580E-04 -1.440161E-01  3.565520E+01  0.000000E+00
  0.000000E+00  0.000000E+00  2.908047E+01  0.000000E+00 -1.242511E+01
  0.000000E+00  2.559426E+01  0.000000E+00  0.000000E+00  0.000000E+00
  0.000000E+00  0.000000E+00  0.000000E+00  0.000000E+00
