calf-15_T173K_STRUC_P1                                                          
 ENERGY UNITS=kcal/mol 
         1  0.000000E+00        43
 -1.302805E+04  0.000000E+00 -1.302805E+04  9.106826E+03 -2.213487E+04
  0.000000E+00  0.000000E+00  0.000000E+00  0.000000E+00  2.380397E+04
  0.000000E+00 -1.104961E+05 -1.106234E+05  1.273681E+02  0.000000E+00
  0.000000E+00  0.000000E+00  0.000000E+00  2.409594E+04  0.000000E+00
  0.000000E+00  0.000000E+00  9.000000E+01  9.000000E+01  9.000000E+01
  0.000000E+00  1.048108E+02  0.000000E+00  0.000000E+00  0.000000E+00
  0.000000E+00  0.000000E+00  0.000000E+00  0.000000E+00  1.029161E+02
  1.954160E+00  5.424190E+01  1.954160E+00  5.794733E+01  2.100541E+01
  5.424190E+01  2.100541E+01  1.535691E+02
