calf-20                                                                         
 ENERGY UNITS=kcal/mol 
         1  1.000000E-03        59
 -1.276100E+04  0.000000E+00 -1.276100E+04 -6.988261E+00 -1.275401E+04
  0.000000E+00  0.000000E+00  0.000000E+00  0.000000E+00 -1.282122E+04
  0.000000E+00  1.806540E+02  3.180126E+01  1.488527E+02  0.000000E+00
  0.000000E+00  0.000000E+00  0.000000E+00  2.653792E+04  0.000000E+00
  0.000000E+00  0.000000E+00  9.000000E+01  1.158949E+02  9.000000E+01
  0.000000E+00 -1.555908E-01  0.000000E+00  0.000000E+00  0.000000E+00
  0.000000E+00  0.000000E+00  0.000000E+00  0.000000E+00 -1.873156E-01
 -7.798197E-04 -1.043041E-01 -7.798197E-04 -1.016953E-01 -1.551022E-03
 -1.043041E-01 -1.551022E-03 -1.777615E-01  3.565520E+01  0.000000E+00
  0.000000E+00  0.000000E+00  2.908047E+01  0.000000E+00 -1.242511E+01
  0.000000E+00  2.559426E+01  0.000000E+00  0.000000E+00  0.000000E+00
  0.000000E+00  0.000000E+00  0.000000E+00  0.000000E+00
