calf-20                                                                         
 ENERGY UNITS=kcal/mol 
         1  1.000000E-03        59
 -1.276363E+04  0.000000E+00 -1.276363E+04 -3.476754E+00 -1.276016E+04
  0.000000E+00  0.000000E+00  0.000000E+00  0.000000E+00 -1.280402E+04
  0.000000E+00  1.211503E+02 -3.384085E+01  1.549912E+02  0.000000E+00
  0.000000E+00  0.000000E+00  0.000000E+00  2.653792E+04  0.000000E+00
  0.000000E+00  0.000000E+00  9.000000E+01  1.158949E+02  9.000000E+01
  0.000000E+00 -1.043424E-01  0.000000E+00  0.000000E+00  0.000000E+00
  0.000000E+00  0.000000E+00  0.000000E+00  0.000000E+00 -1.732837E-01
 -2.779126E-03 -1.467662E-01 -2.779126E-03 -8.263323E-02  2.300451E-02
 -1.467662E-01  2.300451E-02 -5.711030E-02  3.565520E+01  0.000000E+00
  0.000000E+00  0.000000E+00  2.908047E+01  0.000000E+00 -1.242511E+01
  0.000000E+00  2.559426E+01  0.000000E+00  0.000000E+00  0.000000E+00
  0.000000E+00  0.000000E+00  0.000000E+00  0.000000E+00
