calf-16_opt_repeat                                                              
 ENERGY UNITS=kcal/mol 
         1  0.000000E+00        44
 -4.121494E+04  0.000000E+00 -4.121494E+04 -3.558615E+00 -4.121138E+04
  0.000000E+00  0.000000E+00  0.000000E+00  0.000000E+00 -4.140584E+04
  0.000000E+00  5.727134E+02 -7.402920E+00  5.801163E+02  0.000000E+00
  0.000000E+00  0.000000E+00  0.000000E+00  2.930422E+04  0.000000E+00
  0.000000E+00  0.000000E+00  1.085199E+02  9.492996E+01  1.048000E+02
  0.000000E+00 -4.466943E-01  0.000000E+00  0.000000E+00  0.000000E+00
  0.000000E+00  0.000000E+00  0.000000E+00  0.000000E+00  0.000000E+00
  4.303778E-02  5.770167E-02 -2.557094E-03  5.770167E-02 -1.247987E+00
 -6.203026E-01 -2.557094E-03 -6.203026E-01 -1.351340E-01
