calf-20                                                                         
 ENERGY UNITS=kcal/mol 
         1  1.000000E-03        59
 -1.275618E+04  0.000000E+00 -1.275618E+04 -5.289979E+00 -1.275089E+04
  0.000000E+00  0.000000E+00  0.000000E+00  0.000000E+00 -1.280201E+04
  0.000000E+00  1.374691E+02 -8.262187E+00  1.457313E+02  0.000000E+00
  0.000000E+00  0.000000E+00  0.000000E+00  2.653792E+04  0.000000E+00
  0.000000E+00  0.000000E+00  9.000000E+01  1.158949E+02  9.000000E+01
  0.000000E+00 -1.183972E-01  0.000000E+00  0.000000E+00  0.000000E+00
  0.000000E+00  0.000000E+00  0.000000E+00  0.000000E+00 -1.809783E-01
 -1.155129E-02 -1.359762E-01 -1.155129E-02 -9.043516E-02  2.749477E-02
 -1.359762E-01  2.749477E-02 -8.377813E-02  3.565520E+01  0.000000E+00
  0.000000E+00  0.000000E+00  2.908047E+01  0.000000E+00 -1.242511E+01
  0.000000E+00  2.559426E+01  0.000000E+00  0.000000E+00  0.000000E+00
  0.000000E+00  0.000000E+00  0.000000E+00  0.000000E+00
