calf-20                                                                         
 ENERGY UNITS=kcal/mol 
         1  1.000000E-03        59
 -1.119906E+04  0.000000E+00 -1.119906E+04 -6.760152E+00 -1.119230E+04
  0.000000E+00  0.000000E+00  0.000000E+00  0.000000E+00 -1.124965E+04
  0.000000E+00  1.517642E+02  2.082188E+01  1.309423E+02  0.000000E+00
  0.000000E+00  0.000000E+00  0.000000E+00  2.653792E+04  0.000000E+00
  0.000000E+00  0.000000E+00  9.000000E+01  1.158949E+02  9.000000E+01
  0.000000E+00 -1.307091E-01  0.000000E+00  0.000000E+00  0.000000E+00
  0.000000E+00  0.000000E+00  0.000000E+00  0.000000E+00 -2.165577E-01
  6.755858E-03 -1.119893E-01  6.755858E-03 -4.381790E-02 -1.087231E-02
 -1.119893E-01 -1.087231E-02 -1.317516E-01  3.565520E+01  0.000000E+00
  0.000000E+00  0.000000E+00  2.908047E+01  0.000000E+00 -1.242511E+01
  0.000000E+00  2.559426E+01  0.000000E+00  0.000000E+00  0.000000E+00
  0.000000E+00  0.000000E+00  0.000000E+00  0.000000E+00
