calf-20                                                                         
 ENERGY UNITS=kcal/mol 
         1  1.000000E-03        59
 -1.276135E+04  0.000000E+00 -1.276135E+04 -7.257589E+00 -1.275409E+04
  0.000000E+00  0.000000E+00  0.000000E+00  0.000000E+00 -1.281887E+04
  0.000000E+00  1.725629E+02  2.363060E+01  1.489323E+02  0.000000E+00
  0.000000E+00  0.000000E+00  0.000000E+00  2.653792E+04  0.000000E+00
  0.000000E+00  0.000000E+00  9.000000E+01  1.158949E+02  9.000000E+01
  0.000000E+00 -1.486222E-01  0.000000E+00  0.000000E+00  0.000000E+00
  0.000000E+00  0.000000E+00  0.000000E+00  0.000000E+00 -1.927533E-01
 -3.165058E-03 -1.159689E-01 -3.165058E-03 -8.691262E-02 -9.843232E-03
 -1.159689E-01 -9.843232E-03 -1.662008E-01  3.565520E+01  0.000000E+00
  0.000000E+00  0.000000E+00  2.908047E+01  0.000000E+00 -1.242511E+01
  0.000000E+00  2.559426E+01  0.000000E+00  0.000000E+00  0.000000E+00
  0.000000E+00  0.000000E+00  0.000000E+00  0.000000E+00
