calf-20                                                                         
 ENERGY UNITS=kcal/mol 
         1  1.000000E-03        59
 -1.275373E+04  0.000000E+00 -1.275373E+04 -3.139604E+00 -1.275059E+04
  0.000000E+00  0.000000E+00  0.000000E+00  0.000000E+00 -1.278910E+04
  0.000000E+00  1.060964E+02 -3.933588E+01  1.454323E+02  0.000000E+00
  0.000000E+00  0.000000E+00  0.000000E+00  2.653792E+04  0.000000E+00
  0.000000E+00  0.000000E+00  9.000000E+01  1.158949E+02  9.000000E+01
  0.000000E+00 -9.137700E-02  0.000000E+00  0.000000E+00  0.000000E+00
  0.000000E+00  0.000000E+00  0.000000E+00  0.000000E+00 -1.684989E-01
 -1.202966E-02 -1.517843E-01 -1.202966E-02 -8.367208E-02  3.950883E-02
 -1.517843E-01  3.950883E-02 -2.196003E-02  3.565520E+01  0.000000E+00
  0.000000E+00  0.000000E+00  2.908047E+01  0.000000E+00 -1.242511E+01
  0.000000E+00  2.559426E+01  0.000000E+00  0.000000E+00  0.000000E+00
  0.000000E+00  0.000000E+00  0.000000E+00  0.000000E+00
