calf-20                                                                         
 ENERGY UNITS=kcal/mol 
         1  1.000000E-03        59
 -1.275441E+04  0.000000E+00 -1.275441E+04 -1.448133E+00 -1.275297E+04
  0.000000E+00  0.000000E+00  0.000000E+00  0.000000E+00 -1.280601E+04
  0.000000E+00  1.548039E+02  6.996496E+00  1.478074E+02  0.000000E+00
  0.000000E+00  0.000000E+00  0.000000E+00  2.653792E+04  0.000000E+00
  0.000000E+00  0.000000E+00  9.000000E+01  1.158949E+02  9.000000E+01
  0.000000E+00 -1.333271E-01  0.000000E+00  0.000000E+00  0.000000E+00
  0.000000E+00  0.000000E+00  0.000000E+00  0.000000E+00 -1.721826E-01
 -7.897359E-04 -1.098254E-01 -7.897359E-04 -7.529416E-02  1.943148E-05
 -1.098254E-01  1.943148E-05 -1.525044E-01  3.565520E+01  0.000000E+00
  0.000000E+00  0.000000E+00  2.908047E+01  0.000000E+00 -1.242511E+01
  0.000000E+00  2.559426E+01  0.000000E+00  0.000000E+00  0.000000E+00
  0.000000E+00  0.000000E+00  0.000000E+00  0.000000E+00
