calf-20                                                                         
 ENERGY UNITS=kcal/mol 
         1  1.000000E-03        59
 -1.276383E+04  0.000000E+00 -1.276383E+04 -4.619855E+00 -1.275921E+04
  0.000000E+00  0.000000E+00  0.000000E+00  0.000000E+00 -1.280869E+04
  0.000000E+00  1.345860E+02 -1.945826E+01  1.540443E+02  0.000000E+00
  0.000000E+00  0.000000E+00  0.000000E+00  2.653792E+04  0.000000E+00
  0.000000E+00  0.000000E+00  9.000000E+01  1.158949E+02  9.000000E+01
  0.000000E+00 -1.159141E-01  0.000000E+00  0.000000E+00  0.000000E+00
  0.000000E+00  0.000000E+00  0.000000E+00  0.000000E+00 -1.783359E-01
 -2.604745E-04 -1.366693E-01 -2.604745E-04 -8.875357E-02 -1.044972E-02
 -1.366693E-01 -1.044972E-02 -8.065290E-02  3.565520E+01  0.000000E+00
  0.000000E+00  0.000000E+00  2.908047E+01  0.000000E+00 -1.242511E+01
  0.000000E+00  2.559426E+01  0.000000E+00  0.000000E+00  0.000000E+00
  0.000000E+00  0.000000E+00  0.000000E+00  0.000000E+00
