calf-20                                                                         
 ENERGY UNITS=kcal/mol 
         1  1.000000E-03        59
 -1.276388E+04  0.000000E+00 -1.276388E+04 -3.788887E+00 -1.276009E+04
  0.000000E+00  0.000000E+00  0.000000E+00  0.000000E+00 -1.280561E+04
  0.000000E+00  1.251876E+02 -2.973565E+01  1.549233E+02  0.000000E+00
  0.000000E+00  0.000000E+00  0.000000E+00  2.653792E+04  0.000000E+00
  0.000000E+00  0.000000E+00  9.000000E+01  1.158949E+02  9.000000E+01
  0.000000E+00 -1.078196E-01  0.000000E+00  0.000000E+00  0.000000E+00
  0.000000E+00  0.000000E+00  0.000000E+00  0.000000E+00 -1.760626E-01
 -1.270137E-03 -1.432198E-01 -1.270137E-03 -8.491802E-02  1.815687E-02
 -1.432198E-01  1.815687E-02 -6.247821E-02  3.565520E+01  0.000000E+00
  0.000000E+00  0.000000E+00  2.908047E+01  0.000000E+00 -1.242511E+01
  0.000000E+00  2.559426E+01  0.000000E+00  0.000000E+00  0.000000E+00
  0.000000E+00  0.000000E+00  0.000000E+00  0.000000E+00
