calf-20                                                                         
 ENERGY UNITS=kcal/mol 
         1  1.000000E-03        59
 -1.276144E+04  0.000000E+00 -1.276144E+04 -7.244186E+00 -1.275420E+04
  0.000000E+00  0.000000E+00  0.000000E+00  0.000000E+00 -1.281878E+04
  0.000000E+00  1.720156E+02  2.298112E+01  1.490345E+02  0.000000E+00
  0.000000E+00  0.000000E+00  0.000000E+00  2.653792E+04  0.000000E+00
  0.000000E+00  0.000000E+00  9.000000E+01  1.158949E+02  9.000000E+01
  0.000000E+00 -1.481509E-01  0.000000E+00  0.000000E+00  0.000000E+00
  0.000000E+00  0.000000E+00  0.000000E+00  0.000000E+00 -1.910621E-01
  4.428077E-03 -1.121787E-01  4.428077E-03 -8.596357E-02  1.882678E-03
 -1.121787E-01  1.882678E-03 -1.674270E-01  3.565520E+01  0.000000E+00
  0.000000E+00  0.000000E+00  2.908047E+01  0.000000E+00 -1.242511E+01
  0.000000E+00  2.559426E+01  0.000000E+00  0.000000E+00  0.000000E+00
  0.000000E+00  0.000000E+00  0.000000E+00  0.000000E+00
