calf-20                                                                         
 ENERGY UNITS=kcal/mol 
         1  1.000000E-03        59
 -1.276256E+04  0.000000E+00 -1.276256E+04 -7.140095E+00 -1.275542E+04
  0.000000E+00  0.000000E+00  0.000000E+00  0.000000E+00 -1.282040E+04
  0.000000E+00  1.735460E+02  2.328712E+01  1.502588E+02  0.000000E+00
  0.000000E+00  0.000000E+00  0.000000E+00  2.653792E+04  0.000000E+00
  0.000000E+00  0.000000E+00  9.000000E+01  1.158949E+02  9.000000E+01
  0.000000E+00 -1.494689E-01  0.000000E+00  0.000000E+00  0.000000E+00
  0.000000E+00  0.000000E+00  0.000000E+00  0.000000E+00 -1.914708E-01
  7.159370E-04 -1.122081E-01  7.159370E-04 -9.263152E-02  6.625788E-03
 -1.122081E-01  6.625788E-03 -1.643044E-01  3.565520E+01  0.000000E+00
  0.000000E+00  0.000000E+00  2.908047E+01  0.000000E+00 -1.242511E+01
  0.000000E+00  2.559426E+01  0.000000E+00  0.000000E+00  0.000000E+00
  0.000000E+00  0.000000E+00  0.000000E+00  0.000000E+00
