calf-20                                                                         
 ENERGY UNITS=kcal/mol 
         1  1.000000E-03        59
 -1.275579E+04  0.000000E+00 -1.275579E+04 -4.960571E+00 -1.275083E+04
  0.000000E+00  0.000000E+00  0.000000E+00  0.000000E+00 -1.279991E+04
  0.000000E+00  1.323641E+02 -1.330675E+01  1.456708E+02  0.000000E+00
  0.000000E+00  0.000000E+00  0.000000E+00  2.653792E+04  0.000000E+00
  0.000000E+00  0.000000E+00  9.000000E+01  1.158949E+02  9.000000E+01
  0.000000E+00 -1.140004E-01  0.000000E+00  0.000000E+00  0.000000E+00
  0.000000E+00  0.000000E+00  0.000000E+00  0.000000E+00 -1.788733E-01
  9.583249E-03 -1.362354E-01  9.583249E-03 -9.104478E-02 -2.679867E-02
 -1.362354E-01 -2.679867E-02 -7.208314E-02  3.565520E+01  0.000000E+00
  0.000000E+00  0.000000E+00  2.908047E+01  0.000000E+00 -1.242511E+01
  0.000000E+00  2.559426E+01  0.000000E+00  0.000000E+00  0.000000E+00
  0.000000E+00  0.000000E+00  0.000000E+00  0.000000E+00
