calf-20                                                                         
 ENERGY UNITS=kcal/mol 
         1  1.000000E-03        59
 -1.276111E+04  0.000000E+00 -1.276111E+04 -6.843232E+00 -1.275426E+04
  0.000000E+00  0.000000E+00  0.000000E+00  0.000000E+00 -1.281862E+04
  0.000000E+00  1.725325E+02  2.343145E+01  1.491010E+02  0.000000E+00
  0.000000E+00  0.000000E+00  0.000000E+00  2.653792E+04  0.000000E+00
  0.000000E+00  0.000000E+00  9.000000E+01  1.158949E+02  9.000000E+01
  0.000000E+00 -1.485960E-01  0.000000E+00  0.000000E+00  0.000000E+00
  0.000000E+00  0.000000E+00  0.000000E+00  0.000000E+00 -1.933616E-01
  5.690401E-03 -1.061792E-01  5.690401E-03 -8.619050E-02 -1.343543E-02
 -1.061792E-01 -1.343543E-02 -1.662360E-01  3.565520E+01  0.000000E+00
  0.000000E+00  0.000000E+00  2.908047E+01  0.000000E+00 -1.242511E+01
  0.000000E+00  2.559426E+01  0.000000E+00  0.000000E+00  0.000000E+00
  0.000000E+00  0.000000E+00  0.000000E+00  0.000000E+00
