calf-20                                                                         
 ENERGY UNITS=kcal/mol 
         1  1.000000E-03        60
 -1.275939E+04  0.000000E+00 -1.275939E+04 -2.495503E+00 -1.275689E+04
  0.000000E+00  0.000000E+00  0.000000E+00  0.000000E+00 -1.280812E+04
  0.000000E+00  1.461901E+02 -5.539698E+00  1.517298E+02  0.000000E+00
  0.000000E+00  0.000000E+00  0.000000E+00  2.653792E+04  0.000000E+00
  0.000000E+00  0.000000E+00  9.000000E+01  1.158949E+02  9.000000E+01
  0.000000E+00 -1.259083E-01  0.000000E+00  0.000000E+00  0.000000E+00
  0.000000E+00  0.000000E+00  0.000000E+00  0.000000E+00  0.000000E+00
 -1.722895E-01 -5.329300E-03 -1.271335E-01 -5.329300E-03 -7.309252E-02
  1.236986E-02 -1.271335E-01  1.236986E-02 -1.323429E-01  3.565520E+01
  0.000000E+00  0.000000E+00  0.000000E+00  2.908047E+01  0.000000E+00
 -1.242511E+01  0.000000E+00  2.559426E+01  0.000000E+00  0.000000E+00
  0.000000E+00  0.000000E+00  0.000000E+00  0.000000E+00  0.000000E+00
