calf-20                                                                         
 ENERGY UNITS=kcal/mol 
         1  1.000000E-03        59
 -1.118426E+04  0.000000E+00 -1.118426E+04  6.344199E+00 -1.119061E+04
  0.000000E+00  0.000000E+00  0.000000E+00  0.000000E+00 -1.117000E+04
  0.000000E+00 -4.277774E+01 -1.720285E+02  1.292507E+02  0.000000E+00
  0.000000E+00  0.000000E+00  0.000000E+00  2.653792E+04  0.000000E+00
  0.000000E+00  0.000000E+00  9.000000E+01  1.158949E+02  9.000000E+01
  0.000000E+00  3.684294E-02  0.000000E+00  0.000000E+00  0.000000E+00
  0.000000E+00  0.000000E+00  0.000000E+00  0.000000E+00 -1.729690E-01
  3.692084E-02 -1.019833E-01  3.692084E-02  2.020231E-01  3.877188E-02
 -1.019833E-01  3.877188E-02  8.147464E-02  3.565520E+01  0.000000E+00
  0.000000E+00  0.000000E+00  2.908047E+01  0.000000E+00 -1.242511E+01
  0.000000E+00  2.559426E+01  0.000000E+00  0.000000E+00  0.000000E+00
  0.000000E+00  0.000000E+00  0.000000E+00  0.000000E+00
