calf-20                                                                         
 ENERGY UNITS=kcal/mol 
         1  1.000000E-03        60
 -1.276051E+04  0.000000E+00 -1.276051E+04 -2.445604E+00 -1.275806E+04
  0.000000E+00  0.000000E+00  0.000000E+00  0.000000E+00 -1.280963E+04
  0.000000E+00  1.473836E+02 -5.513447E+00  1.528970E+02  0.000000E+00
  0.000000E+00  0.000000E+00  0.000000E+00  2.653792E+04  0.000000E+00
  0.000000E+00  0.000000E+00  9.000000E+01  1.158949E+02  9.000000E+01
  0.000000E+00 -1.269362E-01  0.000000E+00  0.000000E+00  0.000000E+00
  0.000000E+00  0.000000E+00  0.000000E+00  0.000000E+00  0.000000E+00
 -1.814148E-01  4.134339E-03 -1.272885E-01  4.134339E-03 -6.622170E-02
 -7.246842E-03 -1.272885E-01 -7.246842E-03 -1.331720E-01  3.565520E+01
  0.000000E+00  0.000000E+00  0.000000E+00  2.908047E+01  0.000000E+00
 -1.242511E+01  0.000000E+00  2.559426E+01  0.000000E+00  0.000000E+00
  0.000000E+00  0.000000E+00  0.000000E+00  0.000000E+00  0.000000E+00
