calf-20                                                                         
 ENERGY UNITS=kcal/mol 
         1  1.000000E-03        60
 -1.275106E+04  0.000000E+00 -1.275106E+04  1.908850E+00 -1.275297E+04
  0.000000E+00  0.000000E+00  0.000000E+00  0.000000E+00 -1.277170E+04
  0.000000E+00  6.192804E+01 -8.587939E+01  1.478074E+02  0.000000E+00
  0.000000E+00  0.000000E+00  0.000000E+00  2.653792E+04  0.000000E+00
  0.000000E+00  0.000000E+00  9.000000E+01  1.158949E+02  9.000000E+01
  0.000000E+00 -5.333640E-02  0.000000E+00  0.000000E+00  0.000000E+00
  0.000000E+00  0.000000E+00  0.000000E+00  0.000000E+00  0.000000E+00
 -1.569327E-01  2.946698E-02 -9.972911E-02  2.946698E-02  5.348170E-02
  4.661745E-03 -9.972911E-02  4.661745E-03 -5.655816E-02  3.565520E+01
  0.000000E+00  0.000000E+00  0.000000E+00  2.908047E+01  0.000000E+00
 -1.242511E+01  0.000000E+00  2.559426E+01  0.000000E+00  0.000000E+00
  0.000000E+00  0.000000E+00  0.000000E+00  0.000000E+00  0.000000E+00
