calf-20                                                                         
 ENERGY UNITS=kcal/mol 
         1  1.000000E-03        59
 -1.275425E+04  0.000000E+00 -1.275425E+04 -3.403291E+00 -1.275085E+04
  0.000000E+00  0.000000E+00  0.000000E+00  0.000000E+00 -1.279105E+04
  0.000000E+00  1.103921E+02 -3.529577E+01  1.456879E+02  0.000000E+00
  0.000000E+00  0.000000E+00  0.000000E+00  2.653792E+04  0.000000E+00
  0.000000E+00  0.000000E+00  9.000000E+01  1.158949E+02  9.000000E+01
  0.000000E+00 -9.507677E-02  0.000000E+00  0.000000E+00  0.000000E+00
  0.000000E+00  0.000000E+00  0.000000E+00  0.000000E+00 -1.715522E-01
  1.397951E-02 -1.499846E-01  1.397951E-02 -8.291974E-02 -3.885324E-02
 -1.499846E-01 -3.885324E-02 -3.075836E-02  3.565520E+01  0.000000E+00
  0.000000E+00  0.000000E+00  2.908047E+01  0.000000E+00 -1.242511E+01
  0.000000E+00  2.559426E+01  0.000000E+00  0.000000E+00  0.000000E+00
  0.000000E+00  0.000000E+00  0.000000E+00  0.000000E+00
