calf-20                                                                         
 ENERGY UNITS=kcal/mol 
         1  1.000000E-03        59
 -1.276390E+04  0.000000E+00 -1.276390E+04 -4.055131E+00 -1.275984E+04
  0.000000E+00  0.000000E+00  0.000000E+00  0.000000E+00 -1.280671E+04
  0.000000E+00  1.284238E+02 -2.625796E+01  1.546818E+02  0.000000E+00
  0.000000E+00  0.000000E+00  0.000000E+00  2.653792E+04  0.000000E+00
  0.000000E+00  0.000000E+00  9.000000E+01  1.158949E+02  9.000000E+01
  0.000000E+00 -1.106068E-01  0.000000E+00  0.000000E+00  0.000000E+00
  0.000000E+00  0.000000E+00  0.000000E+00  0.000000E+00 -1.774389E-01
  1.423860E-03 -1.394210E-01  1.423860E-03 -8.961423E-02  9.809032E-03
 -1.394210E-01  9.809032E-03 -6.476729E-02  3.565520E+01  0.000000E+00
  0.000000E+00  0.000000E+00  2.908047E+01  0.000000E+00 -1.242511E+01
  0.000000E+00  2.559426E+01  0.000000E+00  0.000000E+00  0.000000E+00
  0.000000E+00  0.000000E+00  0.000000E+00  0.000000E+00
