calf-20                                                                         
 ENERGY UNITS=kcal/mol 
         1  1.000000E-03        59
 -1.119890E+04  0.000000E+00 -1.119890E+04 -6.770718E+00 -1.119213E+04
  0.000000E+00  0.000000E+00  0.000000E+00  0.000000E+00 -1.124957E+04
  0.000000E+00  1.519923E+02  2.121176E+01  1.307805E+02  0.000000E+00
  0.000000E+00  0.000000E+00  0.000000E+00  2.653792E+04  0.000000E+00
  0.000000E+00  0.000000E+00  9.000000E+01  1.158949E+02  9.000000E+01
  0.000000E+00 -1.309055E-01  0.000000E+00  0.000000E+00  0.000000E+00
  0.000000E+00  0.000000E+00  0.000000E+00  0.000000E+00 -2.157590E-01
 -7.108366E-03 -1.137672E-01 -7.108366E-03 -4.754137E-02  1.084613E-02
 -1.137672E-01  1.084613E-02 -1.294161E-01  3.565520E+01  0.000000E+00
  0.000000E+00  0.000000E+00  2.908047E+01  0.000000E+00 -1.242511E+01
  0.000000E+00  2.559426E+01  0.000000E+00  0.000000E+00  0.000000E+00
  0.000000E+00  0.000000E+00  0.000000E+00  0.000000E+00
