calf-20                                                                         
 ENERGY UNITS=kcal/mol 
         1  1.000000E-03        59
 -1.275762E+04  0.000000E+00 -1.275762E+04 -4.298705E+00 -1.275332E+04
  0.000000E+00  0.000000E+00  0.000000E+00  0.000000E+00 -1.281237E+04
  0.000000E+00  1.642777E+02  1.612607E+01  1.481517E+02  0.000000E+00
  0.000000E+00  0.000000E+00  0.000000E+00  2.653792E+04  0.000000E+00
  0.000000E+00  0.000000E+00  9.000000E+01  1.158949E+02  9.000000E+01
  0.000000E+00 -1.414865E-01  0.000000E+00  0.000000E+00  0.000000E+00
  0.000000E+00  0.000000E+00  0.000000E+00  0.000000E+00 -1.800381E-01
 -1.093600E-03 -1.095260E-01 -1.093600E-03 -8.628754E-02  1.295591E-04
 -1.095260E-01  1.295591E-04 -1.581339E-01  3.565520E+01  0.000000E+00
  0.000000E+00  0.000000E+00  2.908047E+01  0.000000E+00 -1.242511E+01
  0.000000E+00  2.559426E+01  0.000000E+00  0.000000E+00  0.000000E+00
  0.000000E+00  0.000000E+00  0.000000E+00  0.000000E+00
