calf-20                                                                         
 ENERGY UNITS=kcal/mol 
         1  1.000000E-03        59
 -1.275878E+04  0.000000E+00 -1.275878E+04 -5.818694E+00 -1.275297E+04
  0.000000E+00  0.000000E+00  0.000000E+00  0.000000E+00 -1.281442E+04
  0.000000E+00  1.669076E+02  1.910013E+01  1.478074E+02  0.000000E+00
  0.000000E+00  0.000000E+00  0.000000E+00  2.653792E+04  0.000000E+00
  0.000000E+00  0.000000E+00  9.000000E+01  1.158949E+02  9.000000E+01
  0.000000E+00 -1.437515E-01  0.000000E+00  0.000000E+00  0.000000E+00
  0.000000E+00  0.000000E+00  0.000000E+00  0.000000E+00 -1.858597E-01
  3.036650E-03 -1.114177E-01  3.036650E-03 -8.545587E-02  2.002279E-03
 -1.114177E-01  2.002279E-03 -1.599389E-01  3.565520E+01  0.000000E+00
  0.000000E+00  0.000000E+00  2.908047E+01  0.000000E+00 -1.242511E+01
  0.000000E+00  2.559426E+01  0.000000E+00  0.000000E+00  0.000000E+00
  0.000000E+00  0.000000E+00  0.000000E+00  0.000000E+00
